10 10 
3 13 
13 14 
14 4 
4 5 
5 6 
6 7 
7 17 
17 16 
16 15 
15 25 
25 26 
26 36 
36 37 
37 38 
38 28 
28 27 
28 18 
18 8 
8 9 
9 19 
19 29 
29 39 
39 49 
49 59 
59 58 
58 48 
48 47 
47 57 
57 56 
56 55 
55 65 
65 66 
66 76 
76 77 
77 78 
78 79 
79 89 
89 88 
88 87 
87 97 
97 96 
96 95 
95 94 
94 84 
84 74 
74 64 
64 54 
54 53 
53 52 
52 42 
42 41 
41 31 
31 30 
30 40 
40 50 
50 60 
60 70 
70 71 
71 81 
81 82 
82 83 
83 73 
73 63 
63 62 
62 61 
61 51 
62 72 
83 93 
93 92 
92 91 
91 90 
90 80 
30 20 
20 21 
21 22 
22 12 
12 2 
2 1 
1 0 
0 10 
10 11 
22 32 
32 33 
33 43 
43 44 
44 34 
34 35 
35 45 
45 46 
34 24 
24 23 
74 75 
75 85 
85 86 
97 98 
98 99 
79 69 
69 68 
68 67 
