10 10 
3 67 
1 10 
2 0 
12 1 
13 
14 5 
4 6 
5 7 
6 17 
18 9 
8 19 
0 11 
10 
22 2 
3 14 
13 4 
16 25 
17 15 
7 16 
28 8 
9 29 
30 21 
20 22 
21 12 32 
24 
34 23 
15 26 
25 36 
28 
38 27 18 
19 39 
31 40 20 
41 30 
22 33 
32 43 
44 35 24 
34 45 
26 37 
36 38 
37 28 
29 49 
30 50 
42 31 
52 41 
33 44 
43 34 
35 46 
45 
48 57 
58 47 
39 59 
40 60 
61 
53 42 
54 52 
64 53 
56 65 
57 55 
47 56 
59 48 
49 58 
50 70 
62 51 
63 61 72 
73 62 
74 54 
55 66 
65 76 
68 
69 67 
79 68 
60 71 
70 81 
62 
83 63 
84 64 75 
74 85 
66 77 
76 78 
77 79 
78 89 69 
90 
71 82 
81 83 
82 73 93 
94 74 
75 86 
85 
88 97 
89 87 
79 88 
91 80 
92 90 
93 91 
83 92 
95 84 
96 94 
97 95 
87 96 98 
97 99 
98 
